0.508834424061579
0.826796018668533
0.45661639006128807
0.05560524619015017
0.7543906694782023
0.9184831343013213
0.3170601892009737
0.945028787385056
0.9188006734279832
0.03876054471046708
0.3126161007416952
0.9396465862343424
0.3097792123362859
0.5852098769493219
0.6934411915876326
0.742609960108567
0.45847633912739716
0.9956663381053741
0.8987296614258473
0.9477242741596144
0.2628804687228836
0.18893463282764467
0.3428694465898101
0.6479022710134448
0.8912551469347858
0.23692283670956238
0.5894228566284831
0.47179187987010485
0.6218242271629049
0.14523627055281962
0.21488661458111835
0.3468888775085912
0.06369885021947064
0.05756315513788124
0.5731837288159964
0.5220577692927955
0.5295848740463429
0.5832081498651542
0.9515838348342729
0.4896002225960816
0.8531196600639992
0.049642117189623525
0.3956179572493552
0.711752291901022
0.7017750478018172
0.37242043210668907
0.9735519802562336
0.8729711600322232
0.6119253257775137
0.18478086368676783
0.9492580476303358
0.49642758528551756
0.8252689064634733
0.5429795528071781
0.08980935234961263
0.3820324655641807
0.22524630949253877
0.40870895392434603
0.7544525551376278
0.9780753955539776
0.701718680020669
0.9381255399611395
0.9449138017643197
0.20913616811208424
0.797633337048751
0.9528641585674908
0.07982595027166872
0.016514949257000255
0.08200264257352186
0.6063295873865466
0.008656254874796598
0.638149485978825
0.3643402254272776
0.2959209860534826
0.31633971064613786
0.611158827618443
0.1395082541399426
0.6293192291449841
0.9842535131721255
0.29171840935146065
0.4057980610265308
0.42150554178052646
0.6571572300924655
0.9497372758212836
0.033108267363724186
0.7626266579487315
0.2653123926134613
0.061994154826324754
0.1590736350166122
0.29928918840176655
0.2630931711060518
0.8883263661380054
0.3111068875677945
0.7609082848986608
0.07905302236477141
0.5840439706233385
0.3991655520816635
0.7424040110939971
0.17726809602509785
0.789645351896741